# SlapPyEngine perf tripwire baseline for hello_ragdoll.
# Regenerate with: python -m pharos_engine.perf.tripwire --write-baseline
commit_sha: 5fd475d
demo: hello_ragdoll
mean_ms: 0.41488555555555556
median_ms: 0.4082
p95_ms: 0.44224999999999987
p99_ms: 0.5304480000000008
steps: 60
timestamp: '2026-07-05T06:16:26+00:00'
total_ms: 74.6794
trials: 3
